6
"E_{e}" "GeV" "E_{e}" "GeV"
"cos(#beta_{e})" "" "cos(#beta_{e})" ""
"cos(#beta_{#pi})" "" "cos(#beta_{#pi}" ""
"cos(#theta_{e#pi})" "" "cos(#theta_{e#pi}" ""
"" "" "" ""
"Bin" "" "Bin" ""
6
"Events / GeV"
1 0 6 0.03 0.4 0.65 0.95 1.45 3.2
0
5
0 1 1
1 1 2
2 1 3
3 1 4
4 1 5
"Events / Bin"
1 1 6 -1 0.6 0.8 0.9 0.95 1
0
5
5 1 1
6 1 2
7 1 3
8 1 4
9 1 5
"Events / Bin"
1 2 6 -1 0.0 0.4 0.65 0.85 1
0
5
10 1 1
11 1 2
12 1 3
13 1 4
14 1 5
"Events / Bin"
1 3 6 -0.9848 -0.3 0.1 0.4 0.7 1.0
0
5
15 1 1
16 1 2
17 1 3
18 1 4
19 1 5
"Events"
1 4 2 0 1
0
1
20 1 1
"Events"
1 5 22 0 1 2 3 4 5 6 7 8 9 10 11 12 13 14 15 16 17 18 19 20 21
0
21
0 1 1
1 1 2
2 1 3
3 1 4
4 1 5
5 1 6
6 1 7
7 1 8
8 1 9
9 1 10
10 1 11
11 1 12
12 1 13
13 1 14
14 1 15
15 1 16
16 1 17
17 1 18
18 1 19
19 1 20
20 1 21
